          0,         834
     100000,      538500
     200000,     1487375
     300000,     2749375
     400000,     4755916
     500000,     6664750
     600000,     8160917
     700000,    10951042
     800000,    12225958
     900000,    14362625
    1000000,    16940709
    1100000,    19469500
    1200000,    22487375
    1300000,    25232875
    1400000,    28003000
    1500000,    30739458
    1600000,    34185917
    1700000,    38048416
    1800000,    41235042
    1900000,    44700208
    2000000,    49457458
    2100000,    52804375
    2200000,    56203917
    2300000,    60196416
    2400000,    63434708
    2500000,    66528875
    2600000,    70383458
    2700000,    74326417
    2800000,    78637833
    2900000,    82499667
    3000000,    87238167
    3100000,    92895333
    3200000,    96812542
    3300000,   101383084
    3400000,   106646042
    3500000,   112595542
    3600000,   116558667
    3700000,   121527959
    3800000,   126776625
    3900000,   131405166
    4000000,   137100667
    4100000,   141373208
    4200000,   146346916
    4300000,   151152542
    4400000,   157008833
    4500000,   161590459
    4600000,   166304125
    4700000,   171771125
    4800000,   176831208
    4900000,   182514166
    5000000,   188334042
    5100000,   193658667
    5200000,   198953958
    5300000,   204852042
    5400000,   210666917
    5500000,   215917041
    5600000,   222501875
    5700000,   228128041
    5800000,   242609625
    5900000,   249636583
    6000000,   251789209
    6100000,   258474458
    6200000,   264522667
    6300000,   270326458
    6400000,   272367375
    6500000,   282937708
    6600000,   286366292
    6700000,   292115542
    6800000,   299175583
    6900000,   305720417
    7000000,   314041250
    7100000,   316499583
    7200000,   325735792
    7300000,   331563416
    7400000,   336786500
    7500000,   342795458
    7600000,   352526500
    7700000,   358556416
    7800000,   364008500
    7900000,   371722000
    8000000,   381190292
    8100000,   382270583
    8200000,   387393584
    8300000,   390392541
    8400000,   397921708
    8500000,   402186917
    8600000,   411211459
    8700000,   418641791
    8800000,   425483625
    8900000,   432590667
    9000000,   440362083
    9100000,   450988250
    9200000,   461620834
    9300000,   470420458
    9400000,   478520500
    9500000,   485918291
    9600000,   490008000
    9700000,   502635792
    9800000,   508537000
    9900000,   517108375
   10000000,   513065708
   10100000,   523337291
   10200000,   536876166
   10300000,   549470209
   10400000,   560253958
   10500000,   570692541
   10600000,   577019625
   10700000,   582574458
   10800000,   593606708
   10900000,   600484166
   11000000,   608757166
   11100000,   615153708
   11200000,   618370833
   11300000,   628085500
   11400000,   633348083
   11500000,   643298000
   11600000,   652138916
   11700000,   662168042
   11800000,   682351750
   11900000,   686885042
   12000000,   691224500
   12100000,   698413917
   12200000,   706681459
   12300000,   715998792
   12400000,   726596750
   12500000,   732909042
   12600000,   742008917
   12700000,   746535667
   12800000,   753543750
   12900000,   766691500
   13000000,   775908833
   13100000,   782969167
   13200000,   789485333
   13300000,   795322125
   13400000,   809764584
   13500000,   816970334
   13600000,   824056958
   13700000,   831115458
   13800000,   837149584
   13900000,   846133167
   14000000,   859309625
   14100000,   858621417
   14200000,   860927125
   14300000,   870285375
   14400000,   895516375
   14500000,   908809459
   14600000,   915658584
   14700000,   923979625
   14800000,   932720459
   14900000,   939129125
   15000000,   952179667
   15100000,   962331750
   15200000,   963711417
   15300000,   962330959
   15400000,   972395333
   15500000,   976447458
   15600000,   989119708
   15700000,   997726166
   15800000,  1027422750
   15900000,  1035281916
   16000000,  1028878500
   16100000,  1053840625
   16200000,  1065920417
   16300000,  1071554250
   16400000,  1082615833
   16500000,  1088442584
   16600000,  1103467000
   16700000,  1115585250
   16800000,  1124643250
   16900000,  1133303000
   17000000,  1139770125
   17100000,  1152215917
   17200000,  1188348000
   17300000,  1198156875
   17400000,  1201986709
   17500000,  1217449291
   17600000,  1228306833
   17700000,  1237104042
   17800000,  1239050834
   17900000,  1244441000
   18000000,  1250227417
   18100000,  1251457750
   18200000,  1282156375
   18300000,  1303029291
   18400000,  1308958083
   18500000,  1296800167
   18600000,  1310059792
   18700000,  1314946500
   18800000,  1329614667
   18900000,  1336933042
   19000000,  1344132042
   19100000,  1354923584
   19200000,  1354335375
   19300000,  1370478541
   19400000,  1384585000
   19500000,  1392840875
   19600000,  1404972166
   19700000,  1412560875
   19800000,  1418147417
   19900000,  1429286208
   20000000,  1436461208
   20100000,  1448034209
   20200000,  1453308208
   20300000,  1458344042
   20400000,  1483294542
   20500000,  1495429125
   20600000,  1503984041
   20700000,  1514765000
   20800000,  1549735250
   20900000,  1566753417
   21000000,  1578421458
   21100000,  1564550042
   21200000,  1561981084
   21300000,  1589068417
   21400000,  1603272291
   21500000,  1615044125
   21600000,  1615420000
   21700000,  1623430250
   21800000,  1631494792
   21900000,  1639476875
   22000000,  1653015167
   22100000,  1660398792
   22200000,  1684672333
   22300000,  1704200541
   22400000,  1709579541
   22500000,  1723430000
   22600000,  1744022250
   22700000,  1754691125
   22800000,  1765269875
   22900000,  1777615584
   23000000,  1772717833
   23100000,  1775824375
   23200000,  1782633542
   23300000,  1792027667
   23400000,  1801410792
   23500000,  1804251125
   23600000,  1827487708
   23700000,  1838965500
   23800000,  1846936917
   23900000,  1859627500
   24000000,  1866495167
   24100000,  1890383042
   24200000,  1924232459
   24300000,  1931483750
   24400000,  1939277667
   24500000,  1941978500
   24600000,  1951040167
   24700000,  1979637125
   24800000,  1995498000
   24900000,  2008376666
   25000000,  1994811958
   25100000,  1987545917
   25200000,  1999507167
   25300000,  2014227833
   25400000,  2019433042
   25500000,  2028650250
   25600000,  2032685750
   25700000,  2049834416
   25800000,  2074421750
   25900000,  2090274500
   26000000,  2099969458
   26100000,  2109178708
   26200000,  2144907083
   26300000,  2174703792
   26400000,  2185265000
   26500000,  2191592708
   26600000,  2197704917
   26700000,  2173981000
   26800000,  2182389417
   26900000,  2210166708
   27000000,  2217139292
   27100000,  2263922708
   27200000,  2286841584
   27300000,  2303252459
   27400000,  2305725833
   27500000,  2278006917
   27600000,  2282567333
   27700000,  2296649875
   27800000,  2294689000
   27900000,  2324884917
   28000000,  2340257125
   28100000,  2353347917
   28200000,  2382457833
   28300000,  2398574959
   28400000,  2396579833
   28500000,  2419206334
   28600000,  2402816708
   28700000,  2423400750
   28800000,  2453917833
   28900000,  2427188959
   29000000,  2468127334
   29100000,  2479923500
   29200000,  2491206834
   29300000,  2504586833
   29400000,  2514204375
   29500000,  2528236125
   29600000,  2543279042
   29700000,  2561490875
   29800000,  2588583708
   29900000,  2586902583
   30000000,  2625423000
   30100000,  2656951208
   30200000,  2657710625
   30300000,  2631819667
   30400000,  2642135333
   30500000,  2655080125
   30600000,  2721939500
   30700000,  2714562333
   30800000,  2703320083
   30900000,  2729203458
   31000000,  2715364125
   31100000,  2733626834
   31200000,  2786004541
   31300000,  2825672917
   31400000,  2839320417
   31500000,  2853344083
   31600000,  2864485167
   31700000,  2843759875
   31800000,  2843528625
   31900000,  2845555583
   32000000,  2893732750
   32100000,  2900356042
   32200000,  2945336083
   32300000,  2963213042
   32400000,  2973513209
   32500000,  2990291667
   32600000,  2997705084
   32700000,  3009230250
   32800000,  3013425667
   32900000,  3035409083
   33000000,  3042126917
   33100000,  3054228667
   33200000,  3066943958
   33300000,  3108622417
   33400000,  3113181208
   33500000,  3085272125
   33600000,  3096599833
   33700000,  3109019959
   33800000,  3126616708
   33900000,  3141594084
   34000000,  3151236375
   34100000,  3160776750
   34200000,  3173428583
   34300000,  3200635167
   34400000,  3209287875
   34500000,  3221914917
   34600000,  3242034417
   34700000,  3253664417
   34800000,  3261878250
   34900000,  3273576000
   35000000,  3288396917
   35100000,  3295047584
   35200000,  3313096958
   35300000,  3385542125
   35400000,  3375318083
   35500000,  3355390000
   35600000,  3370869583
   35700000,  3377855291
   35800000,  3410420834
   35900000,  3433671958
   36000000,  3403574250
   36100000,  3415580541
   36200000,  3421224625
   36300000,  3431553875
   36400000,  3451642250
   36500000,  3525436542
   36600000,  3533592667
   36700000,  3546987000
   36800000,  3560975083
   36900000,  3595876417
   37000000,  3604335459
   37100000,  3619519000
   37200000,  3580407459
   37300000,  3588066083
   37400000,  3595929584
   37500000,  3609064834
   37600000,  3623610000
   37700000,  3636405708
   37800000,  3670401167
   37900000,  3706005708
   38000000,  3667705500
   38100000,  3686788875
   38200000,  3680111166
   38300000,  3685479292
   38400000,  3702862541
   38500000,  3722107000
   38600000,  3757448958
   38700000,  3772628125
   38800000,  3819617958
   38900000,  3872944667
   39000000,  3889072333
   39100000,  3903663750
   39200000,  3877701458
   39300000,  3853673708
   39400000,  3911528500
   39500000,  3955690375
   39600000,  3908736833
   39700000,  3930186333
   39800000,  3905905459
   39900000,  3912839583
   40000000,  3933584958
   40100000,  3957002042
   40200000,  3996393208
   40300000,  4010429541
   40400000,  4041382708
   40500000,  4054994917
   40600000,  4113414291
