          0,         208
     100000,      547041
     200000,     1533167
     300000,     2758917
     400000,     4553833
     500000,     6033791
     600000,     8299250
     700000,    10167708
     800000,    12552375
     900000,    14610250
    1000000,    17165459
    1100000,    19795625
    1200000,    22664041
    1300000,    25778875
    1400000,    28406958
    1500000,    31690083
    1600000,    34343458
    1700000,    37840875
    1800000,    41073708
    1900000,    44516958
    2000000,    49497583
    2100000,    52611959
    2200000,    56024833
    2300000,    60433958
    2400000,    64293208
    2500000,    67394834
    2600000,    71781042
    2700000,    75906625
    2800000,    79607959
    2900000,    83839667
    3000000,    88611958
    3100000,    93150708
    3200000,    96970792
    3300000,   100450792
    3400000,   105477833
    3500000,   109975167
    3600000,   114830375
    3700000,   120040209
    3800000,   124515917
    3900000,   129252458
    4000000,   133504334
    4100000,   138517208
    4200000,   143139292
    4300000,   149105500
    4400000,   153160667
    4500000,   157586875
    4600000,   162480334
    4700000,   168848167
    4800000,   172586500
    4900000,   178452042
    5000000,   183827792
    5100000,   188991125
    5200000,   194250500
    5300000,   199780250
    5400000,   205369958
    5500000,   210651125
    5600000,   216929250
    5700000,   222680959
    5800000,   236675792
    5900000,   243574583
    6000000,   246652083
    6100000,   252737625
    6200000,   258247750
    6300000,   263298000
    6400000,   266770375
    6500000,   275363209
    6600000,   279880042
    6700000,   286010375
    6800000,   292862958
    6900000,   299687292
    7000000,   308262792
    7100000,   309979792
    7200000,   319392167
    7300000,   323590000
    7400000,   330323375
    7500000,   335281958
    7600000,   343236750
    7700000,   351420209
    7800000,   355725875
    7900000,   363531042
    8000000,   368640042
    8100000,   375421125
    8200000,   379341208
    8300000,   389883292
    8400000,   395218250
    8500000,   405046625
    8600000,   415709459
    8700000,   417186084
    8800000,   424391125
    8900000,   427585833
    9000000,   438535666
    9100000,   446282459
    9200000,   451912667
    9300000,   460930500
    9400000,   468428000
    9500000,   475306917
    9600000,   479709667
    9700000,   499034500
    9800000,   508164250
    9900000,   512525958
   10000000,   510791708
   10100000,   522151583
   10200000,   531651625
   10300000,   536694250
   10400000,   546779083
   10500000,   558259292
   10600000,   563387042
   10700000,   566528458
   10800000,   579580083
   10900000,   586191167
   11000000,   593535167
   11100000,   604330209
   11200000,   615015125
   11300000,   622718167
   11400000,   628299708
   11500000,   640164834
   11600000,   647071833
   11700000,   656349875
   11800000,   665070583
   11900000,   670345958
   12000000,   675650042
   12100000,   680832791
   12200000,   688947916
   12300000,   699035916
   12400000,   708605667
   12500000,   713798959
   12600000,   722798166
   12700000,   728966417
   12800000,   737392125
   12900000,   748512333
   13000000,   756007167
   13100000,   763382500
   13200000,   784071750
   13300000,   792302250
   13400000,   807207792
   13500000,   813118958
   13600000,   819294750
   13700000,   816677125
   13800000,   823957041
   13900000,   844331458
   14000000,   860996792
   14100000,   866733791
   14200000,   874712667
   14300000,   882932208
   14400000,   892271292
   14500000,   907436292
   14600000,   905473167
   14700000,   905405583
   14800000,   913490583
   14900000,   918408375
   15000000,   937074708
   15100000,   956980417
   15200000,   968360459
   15300000,   975082041
   15400000,   973587334
   15500000,   972197708
   15600000,   985303833
   15700000,   992727500
   15800000,  1005998875
   15900000,  1012166917
   16000000,  1016471334
   16100000,  1031982708
   16200000,  1042807000
   16300000,  1047530167
   16400000,  1067232833
   16500000,  1086306750
   16600000,  1100692250
   16700000,  1112816083
   16800000,  1121249500
   16900000,  1130224416
   17000000,  1137458583
   17100000,  1148699583
   17200000,  1191833583
   17300000,  1206768958
   17400000,  1220330084
   17500000,  1234907292
   17600000,  1245011125
   17700000,  1231359125
   17800000,  1235028875
   17900000,  1239119167
   18000000,  1245030625
   18100000,  1247831375
   18200000,  1256207250
   18300000,  1275074167
   18400000,  1282914125
   18500000,  1292425250
   18600000,  1304225583
   18700000,  1313325958
   18800000,  1324068000
   18900000,  1330843291
   19000000,  1337312334
   19100000,  1343141334
   19200000,  1346311875
   19300000,  1365246667
   19400000,  1378640333
   19500000,  1388818791
   19600000,  1399052667
   19700000,  1408887875
   19800000,  1415563875
   19900000,  1424222416
   20000000,  1431728334
   20100000,  1442789708
   20200000,  1452117583
   20300000,  1452533375
   20400000,  1479429833
   20500000,  1491008750
   20600000,  1498067625
   20700000,  1509037625
   20800000,  1522069125
   20900000,  1531313583
   21000000,  1544939917
   21100000,  1550510166
   21200000,  1558662208
   21300000,  1562076542
   21400000,  1568544792
   21500000,  1598531459
   21600000,  1606810458
   21700000,  1616591500
   21800000,  1628544459
   21900000,  1633712291
   22000000,  1665315209
   22100000,  1675713791
   22200000,  1667943916
   22300000,  1673840708
   22400000,  1679345083
   22500000,  1691465791
   22600000,  1712465375
   22700000,  1724649834
   22800000,  1732687791
   22900000,  1748990250
   23000000,  1752750084
   23100000,  1768635292
   23200000,  1777124875
   23300000,  1785677041
   23400000,  1789563208
   23500000,  1799516208
   23600000,  1821467208
   23700000,  1832429083
   23800000,  1849608666
   23900000,  1852618042
   24000000,  1858351000
   24100000,  1866373083
   24200000,  1880874833
   24300000,  1891301125
   24400000,  1893838542
   24500000,  1900577083
   24600000,  1909317375
   24700000,  1937639708
   24800000,  1951159958
   24900000,  1962653542
   25000000,  1974359625
   25100000,  2000701125
   25200000,  2022086708
   25300000,  2048430917
   25400000,  2058213084
   25500000,  2023094959
   25600000,  2027558667
   25700000,  2040557084
   25800000,  2069921833
   25900000,  2081450542
   26000000,  2093320708
   26100000,  2101061042
   26200000,  2108158042
   26300000,  2156196959
   26400000,  2178587958
   26500000,  2185745625
   26600000,  2192803959
   26700000,  2187736792
   26800000,  2179615750
   26900000,  2202605292
   27000000,  2214271291
   27100000,  2225591292
   27200000,  2241515834
   27300000,  2248185375
   27400000,  2265649458
   27500000,  2276601250
   27600000,  2301319291
   27700000,  2335104292
   27800000,  2297666416
   27900000,  2361949750
   28000000,  2351412791
   28100000,  2349253625
   28200000,  2361542458
   28300000,  2370061500
   28400000,  2380312458
   28500000,  2398498250
   28600000,  2414165375
   28700000,  2413176167
   28800000,  2420464833
   28900000,  2463292375
   29000000,  2511086250
   29100000,  2525097875
   29200000,  2538956750
   29300000,  2554348667
   29400000,  2546532917
   29500000,  2524281333
   29600000,  2537994333
   29700000,  2551018959
   29800000,  2552995625
   29900000,  2558511708
   30000000,  2577196042
   30100000,  2614849000
   30200000,  2645671459
   30300000,  2648950542
   30400000,  2691087000
   30500000,  2699248625
   30600000,  2727571334
   30700000,  2744464292
   30800000,  2753495375
   30900000,  2758793084
   31000000,  2739017209
   31100000,  2731081833
   31200000,  2812875000
   31300000,  2826362125
   31400000,  2821622208
   31500000,  2854685416
   31600000,  2842402291
   31700000,  2820126958
   31800000,  2830851042
   31900000,  2839784083
   32000000,  2840848208
   32100000,  2851438292
   32200000,  2883006458
   32300000,  2941662750
   32400000,  2963960417
   32500000,  2932502958
   32600000,  2946649291
   32700000,  2953395667
   32800000,  2967027916
   32900000,  2978378375
   33000000,  2983815041
   33100000,  3037829666
   33200000,  3058819958
   33300000,  3087633000
   33400000,  3071015250
   33500000,  3078059375
   33600000,  3094578459
   33700000,  3161627083
   33800000,  3175387917
   33900000,  3193926000
   34000000,  3206683709
   34100000,  3213151542
   34200000,  3216155250
   34300000,  3186452917
   34400000,  3203686166
   34500000,  3216800125
   34600000,  3229966333
   34700000,  3288401417
   34800000,  3323927167
   34900000,  3334323542
   35000000,  3348250375
   35100000,  3352530791
   35200000,  3330016166
   35300000,  3401289834
   35400000,  3413360208
   35500000,  3407133666
   35600000,  3363548208
   35700000,  3420574042
   35800000,  3377208125
   35900000,  3437258625
   36000000,  3473773625
   36100000,  3475502625
   36200000,  3484526583
   36300000,  3475976833
   36400000,  3556007458
   36500000,  3478957125
   36600000,  3471395125
   36700000,  3481080416
   36800000,  3488027334
   36900000,  3524008125
   37000000,  3543279334
   37100000,  3556366500
   37200000,  3574111958
   37300000,  3574996333
   37400000,  3599136417
   37500000,  3655319916
   37600000,  3683615959
   37700000,  3631230167
   37800000,  3634682291
   37900000,  3680207250
   38000000,  3655936500
   38100000,  3689372042
   38200000,  3685177458
   38300000,  3726288916
   38400000,  3770497083
   38500000,  3721874208
   38600000,  3755105583
   38700000,  3776453084
   38800000,  3780970416
   38900000,  3792759333
   39000000,  3803949833
   39100000,  3815621959
   39200000,  3847691875
   39300000,  3855292000
   39400000,  3943563292
   39500000,  3896993792
   39600000,  3880543167
   39700000,  3892012333
   39800000,  3970562458
   39900000,  3981984541
   40000000,  4000245917
   40100000,  4023843084
   40200000,  4063023125
   40300000,  4073544292
   40400000,  4067787875
   40500000,  4041901625
   40600000,  4030555500
   40700000,  4032749709
   40800000,  4061328541
   40900000,  4075020416
   41000000,  4106121208
